# Python 3.9.21
name: unitable
channels:
  - defaults
  - conda-forge
dependencies:
  - asttokens=3.0.0=pyhd8ed1ab_1
  - bzip2=1.0.8=h2466b09_7
  - ca-certificates=2025.1.31=h56e8100_0
  - colorama=0.4.6=pyhd8ed1ab_1
  - comm=0.2.2=pyhd8ed1ab_1
  - cpython=3.9.21=py39hd8ed1ab_1
  - debugpy=1.8.12=py39ha51f57c_0
  - decorator=5.1.1=pyhd8ed1ab_1
  - exceptiongroup=1.2.2=pyhd8ed1ab_1
  - executing=2.1.0=pyhd8ed1ab_1
  - importlib-metadata=8.6.1=pyha770c72_0
  - ipykernel=6.29.5=pyh4bbf305_0
  - ipython=8.18.1=pyh7428d3b_3
  - jedi=0.19.2=pyhd8ed1ab_1
  - jupyter_client=8.6.3=pyhd8ed1ab_1
  - jupyter_core=5.7.2=pyh5737063_1
  - krb5=1.21.3=hdf4eb48_0
  - libffi=3.4.2=h8ffe710_5
  - liblzma=5.6.4=h2466b09_0
  - libsodium=1.0.20=hc70643c_0
  - libsqlite=3.48.0=h67fdade_1
  - libzlib=1.3.1=h2466b09_2
  - matplotlib-inline=0.1.7=pyhd8ed1ab_1
  - nest-asyncio=1.6.0=pyhd8ed1ab_1
  - openssl=3.4.0=ha4e3fda_1
  - packaging=24.2=pyhd8ed1ab_2
  - parso=0.8.4=pyhd8ed1ab_1
  - pickleshare=0.7.5=pyhd8ed1ab_1004
  - pip=25.0=pyh8b19718_0
  - platformdirs=4.3.6=pyhd8ed1ab_1
  - prompt-toolkit=3.0.50=pyha770c72_0
  - psutil=6.1.1=py39ha55e580_0
  - pure_eval=0.2.3=pyhd8ed1ab_1
  - pygments=2.19.1=pyhd8ed1ab_0
  - python=3.9.21=h37870fc_1_cpython
  - python-dateutil=2.9.0.post0=pyhff2d567_1
  - python_abi=3.9=5_cp39
  - pywin32=307=py39ha51f57c_3
  - pyzmq=26.2.1=py39h03e5c00_0
  - setuptools=75.8.0=pyhff2d567_0
  - six=1.17.0=pyhd8ed1ab_0
  - sqlite=3.48.0=h2466b09_1
  - stack_data=0.6.3=pyhd8ed1ab_1
  - tk=8.6.13=h5226925_1
  - tornado=6.4.2=py39ha55e580_0
  - traitlets=5.14.3=pyhd8ed1ab_1
  - typing_extensions=4.12.2=pyha770c72_1
  - ucrt=10.0.22621.0=h57928b3_1
  - vc=14.40=haa95532_2
  - vc14_runtime=14.42.34433=h6356254_24
  - vs2015_runtime=14.42.34433=hfef2bbc_24
  - wcwidth=0.2.13=pyhd8ed1ab_1
  - wheel=0.45.1=pyhd8ed1ab_1
  - zeromq=4.3.5=ha9f60a1_7
  - zipp=3.21.0=pyhd8ed1ab_1
  - pip:
      - annotated-types==0.7.0
      - antlr4-python3-runtime==4.9.3
      - apted==1.0.3
      - attrs==25.1.0
      - beautifulsoup4==4.13.0
      - charset-normalizer==3.4.1
      - click==8.1.8
      - colorlog==6.9.0
      - contourpy==1.3.0
      - cycler==0.12.1
      - distance==0.1.3
      - docker-pycreds==0.4.0
      - einops==0.8.0
      - eval-type-backport==0.2.2
      - faster-coco-eval==1.6.5
      - fonttools==4.55.8
      - fsspec==2024.6.1
      - gitdb==4.0.12
      - gitpython==3.1.44
      - huggingface-hub==0.28.1
      - hydra-colorlog==1.2.0
      - hydra-core==1.3.2
      - idna==3.10
      - importlib-resources==6.5.2
      - jinja2==3.1.4
      - jsonlines==4.0.0
      - kiwisolver==1.4.7
      - lightning-utilities==0.12.0
      - lxml==4.9.3
      - markupsafe==2.1.5
      - matplotlib==3.9.4
      - mpmath==1.3.0
      - narwhals==1.24.2
      - networkx==3.2.1
      - numpy==1.26.3
      - omegaconf==2.3.0
      - pandas==2.2.3
      - pillow==11.0.0
      - plotly==6.0.0
      - protobuf==5.29.3
      - ptflops==0.7.4
      - pycocotools==2.0.8
      - pydantic==2.10.6
      - pydantic-core==2.27.2
      - pyparsing==3.2.1
      - pytz==2025.1
      - pyyaml==6.0.2
      - requests==2.32.3
      - sentry-sdk==2.20.0
      - setproctitle==1.3.4
      - smmap==5.0.2
      - soupsieve==2.6
      - sympy==1.13.1
      - tokenizers==0.21.0
      - torch==2.6.0+cu126
      - torchaudio==2.6.0+cu126
      - torchmetrics==1.6.1
      - torchtext==0.18.0
      - torchvision==0.21.0+cu126
      - tqdm==4.67.1
      - tzdata==2025.1
      - urllib3==2.3.0
      - wandb==0.19.5
prefix: D:\Users\richa\anaconda3\envs\unitable
